1111
0000
0000
0000

0100
0100
0100
0100

1111
0000
0000
0000

0100
0100
0100
0100

2000
2000
2200
0000

0020
2220
0000
0000

2200
0200
0200
0000

2220
2000
0000
0000

0300
0300
3300
0000

3330
0030
0000
0000

3300
3000
3000
0000

3000
3330
0000
0000

0400
4440
0000
0000

0400
4400
0400
0000

4440
0400
0000
0000

4000
4400
4000
0000

0550
5500
0000
0000

5000
5500
0500
0000

0550
5500
0000
0000

5000
5500
0500
0000

6600
0660
0000
0000

0600
6600
6000
0000

6600
0660
0000
0000

0600
6600
6000
0000

7700
7700
0000
0000

7700
7700
0000
0000

7700
7700
0000
0000

7700
7700
0000
0000